WDate	WSky	wwind_speed_gust_kmh	wwind_speed_avg_kmh	wwind_dir_deg	wsolar_rad_MJ	wtemp_max_C	wtemp_min_C	wtemp_avg_C	wprecip_mm
1.1.2012	Cloudy	65.9690	29.2838	277.4	4.39	5.3	-2.3	1.6	1.524
2.1.2012	Cloudy	48.7527	18.0208	328	4.33	-2.1	-8.8	-5.8	0
3.1.2012	Cloudy	41.8340	11.9066	248.2	8.94	-2.8	-12.2	-6.1	0
4.1.2012	Sunny	29.6056	10.4585	259.6	7.25	4.8	-5.9	-6.3	0
5.1.2012	Rain/Snow	27.3530	9.654	220.3	9.03	9.9	-6.2	-6.6	0
6.1.2012	Rain/Snow	28.8011	9.9758	253.7	7.81	11.9	0.6	6.1	0
7.1.2012	Rain/Snow	29.6056	8.8495	260.5	8.94	6.2	-3.6	1.6	0
8.1.2012	Rain/Snow	19.6298	3.8616	140.2	6.56	4.4	-6.1	-1.3	0
9.1.2012	Cloudy	42.3167	13.8374	232.7	7.32	8	-7.2	0.7	0.254
10.1.2012	Cloudy	28.1575	7.2405	213.8	9.87	10.9	-4.3	3	0
11.1.2012	Sunny	13.1938	4.0225	52.9	8.84	13.4	-3.6	3	0
12.1.2012	Sunny	41.1904	16.4118	320.1	2.65	2.6	-8.9	-3.1	9.906
13.1.2012	Rain/Snow	37.4897	18.8253	293	5.98	-6.1	-9.9	-8.1	0
14.1.2012	Rain/Snow	20.2734	6.436	258.9	8.5	-7.4	-16.2	-10.7	0
15.1.2012	Rain/Snow	40.8686	13.1938	181.6	9.18	-0.2	-15	-5.5	0
16.1.2012	Cloudy	28.8011	9.654	143	4.62	5.8	-1.9	2.3	0
17.1.2012	Sunny	41.3513	15.1246	228.8	2.3	4.2	-10.6	-1.9	3.302
18.1.2012	Sunny	39.2596	11.9066	219.7	10.53	-3.8	-14.8	-8.6	0
19.1.2012	Rain/Snow	38.6160	12.5502	295.1	8.89	-3	-17.6	-11.1	0.254
20.1.2012	Cloudy	25.5831	8.8495	40.5	2.27	-8.1	-17.2	-11.7	15.748
21.1.2012	Rain/Snow	28.9620	11.263	71.3	5.84	-4.1	-10.2	-7.8	0
22.1.2012	Rain/Snow	34.1108	16.2509	158.2	2.84	5.4	-9	-2.2	1.524
23.1.2012	Rain/Snow	55.8323	24.7786	242.2	1.46	7.1	-2	1.8	8.128
24.1.2012	Cloudy	37.3288	13.5156	263.6	10.51	1.1	-6.2	-2.1	0
25.1.2012	Cloudy	22.2042	5.7924	107.3	3.97	1.5	-7	-2.3	0
26.1.2012	Cloudy	25.1004	5.9533	160.3	3.96	4.7	0.7	1.2	0.254
27.1.2012	Cloudy	28.3184	10.7803	284	10.63	4.7	-0.3	1.7	1.016
28.1.2012	Rain/Snow	48.2700	22.0433	260.4	12.61	0.3	-4.9	-2.1	0.508
29.1.2012	Rain/Snow	45.6956	13.1938	260.2	9.84	-0.9	-10.3	-3.8	0.508
30.1.2012	Cloudy	36.3634	13.6765	186.4	8.14	11.2	-8.6	2.4	0
31.1.2012	Sunny	41.8340	16.09	233.8	7.07	13.7	3.3	8.2	0.254
1.2.2012	Sunny	25.1004	5.7924	281.8	9.25	7	-1.9	2.8	0
2.2.2012	Sunny	16.0900	5.3097	187.7	4.28	3.4	-1.7	0.7	0
3.2.2012	Cloudy	25.7440	9.4931	71.6	4.14	4.2	-0.4	0.7	0
4.2.2012	Cloudy	31.2146	10.7803	58.1	7.05	6.2	-2.4	0.8	0
5.2.2012	Cloudy	24.7786	6.436	151.4	11.24	7.9	-3.2	0.8	0.254
6.2.2012	Cloudy	29.9274	16.5727	268.3	2.84	-0.4	-2.2	-1.4	0.508
25.3.2012	Cloudy	37.6506	9.1713	112.3	19.27	23.3	6.6	14.7	0
26.3.2012	Cloudy	42.7994	17.0554	71	12.54	7.7	2.6	5	0
27.3.2012	Cloudy	51.0053	24.7786	185.9	18.36	22.9	4.1	13.2	0
28.3.2012	Cloudy	56.9586	18.0208	259.8	23.29	19.1	6.9	14	0
29.3.2012	Cloudy	28.9620	11.7457	66.7	19.58	10.6	2.9	6.1	0
30.3.2012	Cloudy	27.6748	11.7457	91.9	12.62	13.7	3.9	8.2	9.906
31.3.2012	Cloudy	23.0087	9.9758	106.4	13.36	11	3.1	6.8	0
1.4.2012	Cloudy	35.2371	11.4239	81.6	11.46	16.5	7.3	10.8	8.128
2.4.2012	Sunny	32.0191	13.5156	95.2	23	18.3	7.7	12.9	0
3.4.2012	Sunny	36.0416	11.5848	78.6	22.28	23.6	9.3	13.2	0
4.4.2012	Rain/Snow	39.5814	17.2163	55.7	24.81	14.8	6.6	13.4	0
5.4.2012	Rain/Snow	37.4897	16.5727	48	24.77	10.2	1.8	13.6	0
6.4.2012	Rain/Snow	32.8236	10.2976	66.2	26.53	12.8	0.2	6.6	0
7.4.2012	Cloudy	44.4084	12.2284	167.2	20.45	18.5	0.3	10.9	0
8.4.2012	Cloudy	50.6835	13.9983	262.4	24.48	18.3	3.9	11.2	0.254
9.4.2012	Cloudy	74.4967	20.5952	265.4	26.55	16.4	3.2	10.8	0.254
10.4.2012	Rain/Snow	52.7752	13.9983	251.3	24	8.7	-2.2	3.3	0
11.4.2012	Sunny	24.4568	8.2059	161.8	26.68	13	-2	5.2	0
12.4.2012	Cloudy	25.9049	6.5969	174.4	26.47	17.3	-2.5	8.5	0
13.4.2012	Cloudy	43.7648	16.7336	164.3	14.63	17	4.4	11.8	0
14.4.2012	Cloudy	27.8357	10.9412	192.4	7.26	19.2	10.7	14.9	3.302
15.4.2012	Cloudy	58.4067	23.1696	200.7	9.89	23.4	14.8	19.6	26.67
16.4.2012	Cloudy	73.2095	29.6056	256.5	12.86	19.1	3.8	10.9	0.254
17.4.2012	Cloudy	27.0312	5.6315	187.9	27.16	14.8	2	8.5	0
18.4.2012	Sunny	47.3046	15.2855	199.6	18.58	21.7	4.5	14	1.524
19.4.2012	Rain/Snow	32.9845	10.1367	98.9	17.48	18.1	6.1	12	0
20.4.2012	Rain/Snow	42.4776	15.7682	76.9	4.73	8.5	2.6	6.6	3.048
21.4.2012	Rain/Snow	21.5606	8.8495	45.3	24.13	11.7	0.3	6.3	0
22.4.2012	Rain/Snow	45.3738	14.3201	47.6	26.87	10.8	3.4	7	0
23.4.2012	Sunny	46.9828	13.6765	229.6	28.12	15.3	2.1	9.2	0
24.4.2012	Sunny	27.1921	5.6315	215.2	17.58	16.6	1.2	10	0
25.4.2012	Rain/Snow	28.1575	8.6886	105.1	9.62	18.6	5.7	12.3	0.762
26.4.2012	Cloudy	37.3288	14.3201	58.9	18.52	14.9	0.9	8.9	0
27.4.2012	Cloudy	33.1454	12.0675	70	23.66	11.6	-0.2	6.3	0
28.4.2012	Cloudy	37.9724	15.2855	85.2	7.74	10.2	5.7	7.6	7.62
29.4.2012	Cloudy	32.3409	10.7803	78	11.95	13.6	4.8	9.1	10.668
30.4.2012	Sunny	20.4343	8.045	232.2	5.03	15.6	10.1	12.7	0.508
1.5.2012	Cloudy	26.7094	9.9758	132.1	10	16.6	7.4	13.6	3.556
2.5.2012	Cloudy	62.1074	11.9066	195.7	14.3	25.3	14.8	19.9	0.508
3.5.2012	Rain/Snow	40.8686	15.6073	220.8	21.95	29.1	16.9	20.1	2.286
4.5.2012	Rain/Snow	41.1904	10.2976	109.9	24.73	24.4	13.7	20.3	6.858
5.5.2012	Rain/Snow	27.9966	10.6194	59.1	12.8	18.6	12.2	20.4	0.508
6.5.2012	Rain/Snow	35.0762	9.8149	83.8	8.92	21.2	12.2	15.7	19.812
7.5.2012	Rain/Snow	36.0416	7.7232	197.4	8.18	17.8	11.6	14.7	15.748
8.5.2012	Cloudy	37.0070	14.3201	299.4	25.15	20.8	10.9	15.7	0
9.5.2012	Cloudy	33.4672	9.654	253	20.84	17.4	6.8	12	0
10.5.2012	Cloudy	26.7094	6.9187	119.7	31.13	20.7	6	13.4	0
7.2.2012	Sunny	36.0416	13.8374	67.7	3.06	1.4	-2.9	-0.8	0.254
8.2.2012	Sunny	26.3876	10.4585	227.3	11.43	1.6	-5.6	-2.3	0
9.2.2012	Sunny	34.7544	15.2855	242.2	14.21	1.4	-8.4	-2.7	0
10.2.2012	Cloudy	54.3842	19.1471	228.4	1.79	1.4	-11.6	-3.4	1.778
11.2.2012	Cloudy	40.5468	18.0208	324.6	14.91	-5.7	-13.4	-9.7	0
12.2.2012	Rain/Snow	39.2596	16.5727	287.5	14.71	2.1	-9.8	-4.9	0
13.2.2012	Sunny	36.6852	12.3893	203.6	3.91	1.9	-11.4	-3.8	1.27
14.2.2012	Rain/Snow	30.4101	11.9066	235.2	4.21	2	-2.5	-0.1	0.508
15.2.2012	Rain/Snow	31.8582	12.0675	189.8	5.29	5.2	-0.7	2.7	4.826
16.2.2012	Sunny	42.7994	12.2284	286.9	13.85	8.1	0.3	3.4	1.016
17.2.2012	Cloudy	39.9032	13.5156	239.8	11.82	9.5	-4.8	2.3	0
18.2.2012	Sunny	32.8236	10.7803	128.3	15.37	4.8	-5.5	0.4	0
19.2.2012	Rain/Snow	23.4914	6.5969	59.5	16.47	4.5	-6.1	-1.6	0
20.2.2012	Rain/Snow	33.6281	12.5502	133.8	15.62	6.2	-8.2	0.1	0
21.2.2012	Rain/Snow	46.1783	15.4464	225.1	3.93	5.8	0.4	2.6	4.572
22.2.2012	Rain/Snow	20.2734	8.5277	229.4	5.79	6.3	-1.7	2.4	0.254
23.2.2012	Rain/Snow	31.2146	8.5277	91.4	1.53	3.5	-2.7	0.4	10.668
24.2.2012	Rain/Snow	47.3046	22.8478	245.6	7.93	1.3	-5.2	-0.9	10.414
25.2.2012	Cloudy	37.0070	14.8028	259.9	17.8	-3.8	-11.1	-6.8	0
26.2.2012	Sunny	50.0399	17.3772	182.4	17.01	11.1	-10.2	1.7	0
27.2.2012	Cloudy	44.4084	16.2509	264.7	14.44	2	-5.8	-0.9	0
28.2.2012	Cloudy	32.5018	11.263	120	7.58	6.7	-6.8	1.4	3.048
29.2.2012	Cloudy	65.3254	28.6402	220.1	14.5	13.4	0.8	7.1	6.096
1.3.2012	Cloudy	35.0762	11.7457	222.6	2.86	3.9	0.8	2.5	0.254
2.3.2012	Sunny	51.3271	19.1471	147.9	2.09	3.8	0.5	2.1	8.636
3.3.2012	Cloudy	47.3046	23.0087	281	6.52	0.7	-1.9	2	0
4.3.2012	Sunny	26.3876	12.2284	308.7	13.62	-0.3	-5.6	1.9	0
5.3.2012	Cloudy	31.0537	10.4585	258.9	17.32	2.4	-6.9	1.7	0
6.3.2012	Cloudy	65.0036	27.0312	195.2	18.15	18.9	-0.6	9.7	0
7.3.2012	Cloudy	65.4863	33.4672	204.2	8.06	18.9	10.9	14.9	0.254
8.3.2012	Cloudy	51.6489	22.8478	291.6	16.03	15.9	0.8	4.3	6.35
9.3.2012	Cloudy	37.8115	13.1938	253.9	20.32	4.2	-2.7	0.5	0
10.3.2012	Rain/Snow	53.0970	20.7561	198.7	19.96	15.1	-3	5.7	0
11.3.2012	Cloudy	35.3980	13.9983	195	16.33	19.6	-1.2	10.7	0.508
12.3.2012	Sunny	48.5918	20.1125	226.4	5.69	16.6	10.2	13.5	13.716
13.3.2012	Sunny	27.1921	6.7578	236.2	20.29	20.8	5.7	12.9	0.254
14.3.2012	Cloudy	45.5347	11.9066	220.2	18.27	26.3	5.3	16.7	0
15.3.2012	Cloudy	32.8236	9.4931	220.9	17.6	26.9	12.3	18.6	0
16.3.2012	Cloudy	33.3063	9.654	168	18.61	27.2	8.4	18.3	0
17.3.2012	Cloudy	33.1454	11.5848	186.6	19.33	26.9	13.3	19.7	0
18.3.2012	Cloudy	31.3755	12.2284	190.9	18.9	26.3	12.7	19.9	0
19.3.2012	Rain/Snow	38.7769	13.8374	178.3	9.21	25.6	16.7	20.2	5.334
20.3.2012	Rain/Snow	51.0053	19.4689	184.6	20.64	28.3	17.9	22.7	0
21.3.2012	Cloudy	34.1108	11.5848	155	17.74	28.4	16.2	22.7	0
22.3.2012	Cloudy	49.5572	9.0104	121.5	16.64	27.4	13.9	19.8	7.112
23.3.2012	Cloudy	41.0295	9.0104	95.6	8.52	19.9	10.6	16	8.382
24.3.2012	Cloudy	21.3997	6.2751	84.9	8.33	17.7	11	13.9	0
11.5.2012	Sunny	37.4897	12.3893	201.5	28.58	25.4	5.2	17.1	0
12.5.2012	Sunny	23.1696	7.5623	99.2	7.32	17.6	10.9	14.9	0.508
13.5.2012	Cloudy	29.4447	9.1713	65.1	31.12	21.6	6.6	15.3	0
14.5.2012	Sunny	22.2042	4.5052	222.7	30.51	26.7	4.6	16.9	0
15.5.2012	Cloudy	43.9257	15.1246	221	29.62	29.3	8.4	20.4	0
16.5.2012	Cloudy	39.5814	12.2284	66.2	31.19	18.9	6.4	13.6	0
17.5.2012	Cloudy	31.5364	8.3668	104	28.85	23.1	4.7	15.4	0
18.5.2012	Cloudy	29.1229	9.3322	156.6	30.21	28.6	9.3	20.4	0
19.5.2012	Cloudy	40.8686	7.8841	179.8	28.56	32.4	13.1	23.7	0
20.5.2012	Rain/Snow	57.6022	14.1592	235.3	25.2	32.6	16.1	23.3	4.826
21.5.2012	Rain/Snow	33.3063	11.263	117.4	22.52	20.5	10.3	15.3	0
22.5.2012	Cloudy	22.2042	7.2405	62.8	31.58	22.9	8.2	15.6	0
23.5.2012	Rain/Snow	29.6056	9.3322	154.5	30.69	26.9	6.3	18.9	0
24.5.2012	Sunny	56.7977	22.8478	183.2	30.07	31.4	17	25.4	0
25.5.2012	Sunny	42.1558	10.9412	152.5	28.97	27.8	16.1	21.5	0
26.5.2012	Sunny	40.8686	13.5156	73.7	20.39	29.6	16.5	21.3	0
27.5.2012	Cloudy	33.3063	13.0329	180.9	29.79	35.5	19.2	28.3	0
28.5.2012	Sunny	56.3150	21.5606	223.7	25.06	32.9	21.9	27.6	0
29.5.2012	Rain/Snow	52.6143	15.2855	293.9	27.24	28.1	12.6	21.5	0
30.5.2012	Cloudy	35.5589	10.1367	209.4	28.27	20.2	9.6	14.9	0
31.5.2012	Sunny	31.5364	12.872	44.5	3.79	10.9	7	8.8	32.766
1.6.2012	Cloudy	34.5935	11.4239	250.6	21.22	18.8	7.8	12.7	0.508
2.6.2012	Rain/Snow	37.9724	14.8028	263.4	30.38	22.8	9	16.7	0
3.6.2012	Sunny	31.0537	10.6194	271.1	27.04	26.7	10	16.8	0
4.6.2012	Sunny	22.8478	7.8841	95.6	29.62	24.9	13.3	16.8	0
5.6.2012	Rain/Snow	29.9274	9.9758	48.9	32.13	21.5	11.8	16.8	0.254
6.6.2012	Sunny	23.0087	6.9187	42.1	30.95	24.8	9.7	17.8	0.254
7.6.2012	Cloudy	23.8132	4.0225	133.1	32.4	27.8	7.2	19	0
8.6.2012	Rain/Snow	28.8011	8.6886	217.8	31.04	29.6	11.7	22.1	0
9.6.2012	Rain/Snow	32.1800	10.1367	220.9	31.62	30.9	13.3	23.6	0
10.6.2012	Cloudy	42.6385	13.5156	198.8	30.62	32	17.3	25.8	0
11.6.2012	Cloudy	35.8807	15.2855	231.4	22.18	30.3	20.1	25.1	0
12.6.2012	Rain/Snow	41.0295	10.4585	272.4	32.82	24.3	11.2	19.2	0
13.6.2012	Cloudy	27.3530	8.5277	77.5	24.55	22.5	11.7	16.8	0
14.6.2012	Rain/Snow	32.8236	11.5848	128.8	29.3	29.9	11.3	21.9	0.254
15.6.2012	Rain/Snow	31.2146	10.7803	173.5	30.56	33.7	14.2	25.9	0
16.6.2012	Rain/Snow	47.3046	14.481	214	20.23	32.6	19.2	25.8	10.16
17.6.2012	Cloudy	23.9741	9.1713	234.4	30.3	28.8	19.2	23.6	2.794
18.6.2012	Cloudy	60.9811	22.8478	211	30.05	32.7	20.4	27.3	0
19.6.2012	Rain/Snow	41.6731	19.308	210.8	29.38	33.3	23.4	28.2	0
20.6.2012	Rain/Snow	45.8565	18.8253	207.9	30.51	33.2	22.4	27.8	0
21.6.2012	Rain/Snow	32.3409	11.5848	280.4	17.53	28.6	17.7	23.8	0.254
22.6.2012	Sunny	28.8011	6.7578	291.9	31.01	28.8	13.7	22.2	0
23.6.2012	Rain/Snow	21.2388	3.8616	148.2	22.55	29.5	14.5	22.9	0
24.6.2012	Cloudy	27.0312	7.2405	150.3	25.63	32.4	15.7	24.5	0
25.6.2012	Cloudy	35.0762	14.1592	48.7	33.61	23.7	13.8	19.7	0
26.6.2012	Rain/Snow	19.3080	5.9533	140.4	31.49	28.7	11.7	20.7	0.254
27.6.2012	Cloudy	41.5122	13.9983	174.6	31.45	32.7	11.5	24.3	0
28.6.2012	Cloudy	33.7890	11.4239	203.2	27.71	36.6	21	29.6	0
29.6.2012	Cloudy	85.2770	8.6886	176.1	18.31	30.1	20	25.5	8.128
30.6.2012	Cloudy	24.4568	7.7232	236.8	26.16	30.8	19.4	24.9	0
1.7.2012	Cloudy	93.1611	5.6315	188.2	24.32	32.9	17.9	25.4	16.764
2.7.2012	Rain/Snow	30.2492	5.9533	183.8	28.81	34.6	20.6	28.2	0
3.7.2012	Cloudy	29.7665	9.4931	238.9	26.07	34.3	21.4	28.2	0
4.7.2012	Cloudy	34.7544	9.9758	244.1	29.78	36.8	22.8	28.3	0
5.7.2012	Cloudy	29.1229	9.0104	245.8	29.08	36.8	21.8	28.3	0
6.7.2012	Sunny	25.4222	8.045	269.6	29.53	37.4	24.2	31.1	0
7.7.2012	Rain/Snow	31.5364	10.4585	161.4	26.16	38.1	22.4	28.2	0
8.7.2012	Sunny	38.9378	11.5848	45.2	29.64	30.1	18.6	25.1	0
9.7.2012	Cloudy	28.9620	6.7578	157.2	24.26	32.4	16.2	24.6	0.254
10.7.2012	Cloudy	26.3876	9.0104	46.8	20.47	29	16.7	23.8	0
11.7.2012	Rain/Snow	24.2959	8.8495	63.9	27.72	32.1	19.3	23.8	0
12.7.2012	Rain/Snow	26.3876	9.3322	99.6	24.53	32.8	17.4	25.8	0
13.7.2012	Sunny	27.5139	7.0796	163.6	25.19	33.2	18.7	25.2	0
14.7.2012	Sunny	32.6627	8.8495	236.7	25.83	31.6	21.3	25.8	0
15.7.2012	Sunny	29.7665	6.9187	250.9	29.51	34	18.6	26.8	0
16.7.2012	Cloudy	32.6627	9.9758	223.6	29.47	35.3	24.2	28.3	0
17.7.2012	Rain/Snow	37.4897	11.1021	254.5	27.07	36.4	23.2	30	0
18.7.2012	Cloudy	58.0849	8.8495	105.4	22.14	36.4	21	27.7	18.288
19.7.2012	Sunny	34.4326	13.0329	113.7	16.18	29.8	20.4	24.4	0.508
20.7.2012	Sunny	26.8703	10.7803	73.6	27.12	28.3	16.7	23.1	0
21.7.2012	Sunny	22.6869	6.2751	256.4	23.18	30.1	15.1	23.8	0
22.7.2012	Rain/Snow	25.4222	7.5623	216.4	12.83	31.8	18.6	25.5	0.508
23.7.2012	Rain/Snow	32.0191	10.9412	240.9	20.51	33.3	23.9	28.5	0
24.7.2012	Cloudy	74.8185	7.5623	71.8	15.85	28.9	20.4	24.9	17.526
25.7.2012	Rain/Snow	41.9949	13.9983	198.7	26.79	36.2	21.3	28.5	0
26.7.2012	Sunny	35.2371	11.1021	241.4	14.85	31.3	19.2	25.1	0.762
27.7.2012	Sunny	36.5243	10.1367	212.2	25.71	29.4	16.8	23	0.254
28.7.2012	Cloudy	23.1696	7.7232	139.7	26.64	30.1	17.3	23.4	0
29.7.2012	Cloudy	24.6177	5.6315	141.9	19.69	29.6	14.6	23.2	0
30.7.2012	Cloudy	24.1350	7.5623	212.7	27.31	32.9	20.7	27.1	0
31.7.2012	Cloudy	38.7769	6.5969	164.5	25.36	31.6	18.6	24.9	3.302
1.8.2012	Cloudy	20.7561	4.0225	192.7	27.49	31.7	16.5	24.2	0
2.8.2012	Cloudy	25.9049	6.9187	151.9	22.88	33.8	16.8	25.6	0
3.8.2012	Cloudy	25.9049	6.436	109.2	27.45	35.8	19.2	25.6	0
4.8.2012	Cloudy	81.0936	7.8841	175.8	18.51	34.3	20.4	25.6	35.814
5.8.2012	Cloudy	34.4326	9.1713	274.4	27.64	27.9	15.6	25.6	0
6.8.2012	Cloudy	26.0658	5.9533	194.5	29.15	28.2	12.9	20.9	0
7.8.2012	Rain/Snow	30.5710	8.5277	262.9	26.01	33.2	13.5	24	0
8.8.2012	Rain/Snow	20.5952	7.4014	47.1	13.83	29.5	18.7	23.4	0.254
9.8.2012	Cloudy	31.2146	9.9758	96.8	7.46	24.4	16.2	19.9	1.524
10.8.2012	Cloudy	42.3167	15.7682	151.5	23.23	24.9	12.3	19.1	0
11.8.2012	Cloudy	31.3755	7.4014	248.2	27.83	26.3	11.1	18.3	0
12.8.2012	Cloudy	22.6869	4.0225	155.9	12.34	23.8	10.7	18.2	0
13.8.2012	Cloudy	19.7907	3.7007	147	4.2	19.2	12.2	17	9.398
14.8.2012	Cloudy	23.1696	5.4706	262.5	24.18	28.2	10.8	20.1	0
15.8.2012	Cloudy	27.3530	7.2405	237.5	23.02	28.9	15.8	22.9	0
16.8.2012	Sunny	38.1333	11.1021	256	8.08	24.6	14.8	20.7	10.16
17.8.2012	Sunny	31.5364	6.7578	267.3	26.78	24.3	11.4	17.4	0
18.8.2012	Rain/Snow	17.6990	4.6661	150.5	25.06	25.1	9.3	17.9	0
19.8.2012	Cloudy	21.8824	5.4706	147.9	23.32	26.4	12.8	19.6	0
20.8.2012	Rain/Snow	25.4222	7.0796	111.5	21.98	25.8	12.6	18.6	8.636
21.8.2012	Rain/Snow	19.6298	3.3789	173.7	26.63	26.8	9.6	18.6	0
22.8.2012	Cloudy	24.9395	4.827	218.1	25.5	29.5	9.8	19.9	0
23.8.2012	Rain/Snow	32.9845	9.8149	196.2	21.77	33.2	17.3	25.5	0
24.8.2012	Cloudy	28.4793	9.0104	199.4	23.44	34.3	17.7	26.3	0
25.8.2012	Cloudy	31.5364	7.7232	186.9	21.7	33.8	15.8	25.7	0
26.8.2012	Cloudy	27.6748	8.045	171.6	4.5	24.1	18.4	21.4	14.986
27.8.2012	Rain/Snow	29.9274	7.7232	238	24.91	30.6	15.9	23.2	0
28.8.2012	Rain/Snow	28.4793	5.4706	92.4	24.17	30.8	13.2	21.9	0
29.8.2012	Rain/Snow	19.7907	5.4706	125.6	22.83	30	16.1	23.3	0
30.8.2012	Cloudy	32.6627	9.9758	203.2	23.72	32.4	16.9	24.4	0
31.8.2012	Cloudy	31.3755	9.3322	189.3	19.17	33.1	16.1	24.9	0
1.9.2012	Cloudy	31.0537	12.0675	56.9	5.28	23.6	20.8	22.2	0.254
2.9.2012	Cloudy	29.6056	10.7803	56.8	14.08	28.1	20.8	24.3	0
3.9.2012	Cloudy	20.2734	6.2751	87.7	21.66	32.8	20.1	24.2	0
4.9.2012	Sunny	61.1420	7.5623	157.8	19.95	34.9	17.6	24.2	8.89
5.9.2012	Cloudy	38.1333	8.6886	217.8	16.77	32	16.2	24.1	0.254
6.9.2012	Cloudy	24.1350	5.4706	239.3	23.26	30.2	17.7	23.4	0
7.9.2012	Cloudy	38.9378	9.3322	180.9	10.61	25.4	13.1	19.3	4.064
8.9.2012	Cloudy	35.7198	11.7457	293.9	22.96	23.4	10.8	16.4	2.286
9.9.2012	Cloudy	30.7319	9.654	147.7	21.93	22.9	8.9	15.9	0
10.9.2012	Rain/Snow	26.2267	5.6315	151.6	23.25	24.8	7.2	16.2	0
11.9.2012	Cloudy	43.2821	13.6765	224.3	22.63	29	8.2	19.7	0
12.9.2012	Rain/Snow	33.6281	10.1367	220.3	21.97	30.7	13.6	21.8	0
13.9.2012	Cloudy	32.5018	11.263	65.7	9.11	18.6	11.3	14.8	6.858
14.9.2012	Cloudy	27.8357	6.5969	215.8	21.43	24	8.3	15.8	0
15.9.2012	Sunny	18.3426	3.218	201.7	21.07	27.1	7.8	17.3	0
16.9.2012	Cloudy	30.4101	5.4706	215	18.96	25.3	6.9	15.9	0
17.9.2012	Cloudy	37.8115	8.6886	251.5	14.25	26.3	9.1	16.1	8.636
18.9.2012	Cloudy	36.6852	9.9758	328.5	18.23	16.7	3.6	10.9	0
19.9.2012	Cloudy	54.2233	17.8599	243.6	18.35	23.1	16.3	13.9	0
20.9.2012	Cloudy	42.3167	10.7803	285.8	17.79	22.3	7.4	14.9	0
21.9.2012	Rain/Snow	32.6627	6.436	194.9	4.68	15.1	5.6	10.1	4.572
22.9.2012	Rain/Snow	45.6956	13.8374	295.8	19.36	15.3	6.1	9.8	0.254
23.9.2012	Rain/Snow	30.7319	7.5623	274.1	20.83	16.4	1.6	9.1	0
24.9.2012	Sunny	40.5468	12.872	226.6	20.74	21.4	-0.9	11.3	0
25.9.2012	Cloudy	27.9966	7.0796	211.6	16.91	25.9	5.7	16.2	0
26.9.2012	Cloudy	26.2267	9.4931	66.1	15.69	21.6	8.6	14.8	0
27.9.2012	Cloudy	27.3530	9.4931	46.7	16.28	18.4	6.4	12.2	0
28.9.2012	Rain/Snow	33.6281	8.5277	125.6	15.28	20.8	5.6	13.1	0
29.9.2012	Rain/Snow	30.0883	7.7232	158.5	18.36	26.9	4.2	15.4	0
30.9.2012	Rain/Snow	30.2492	9.4931	53.9	18.64	19.6	7.5	13.2	0
1.10.2012	Sunny	22.0433	6.2751	57.6	11.19	19.5	6.9	13.2	0
2.10.2012	Sunny	30.8928	10.2976	37.8	18.59	21.7	9.7	15.6	0
3.10.2012	Sunny	17.5381	5.4706	155.5	3.04	16.9	14.1	15.8	1.27
4.10.2012	Sunny	43.9257	13.8374	243.3	12.88	25.1	7.3	15.9	2.794
5.10.2012	Rain/Snow	34.7544	13.3547	286	5.7	10.1	2.1	16.1	0
6.10.2012	Rain/Snow	34.4326	12.872	308.6	13.85	9.7	-0.9	5.1	0
7.10.2012	Rain/Snow	32.5018	7.7232	285.8	14.1	10.4	-2.9	4.7	0
8.10.2012	Cloudy	42.6385	15.2855	207.8	17.94	15.6	-4.4	6.9	0
9.10.2012	Cloudy	50.8444	18.8253	232.8	12.16	18.7	4.4	10.8	6.858
10.10.2012	Cloudy	47.7873	15.4464	273.1	15.81	11	-1.2	4.9	0.254
11.10.2012	Cloudy	46.8219	16.09	189.9	15.63	19	-1.9	9.1	0.762
12.10.2012	Cloudy	29.7665	11.7457	93.4	17.13	12.6	0.8	7.5	0
13.10.2012	Cloudy	32.0191	14.1592	193.2	1.63	18.5	6.4	13.1	9.652
14.10.2012	Cloudy	75.1403	21.2388	241.5	3.81	20.3	8.7	14.8	25.146
15.10.2012	Rain/Snow	31.5364	9.1713	267.2	15.78	15.8	3.2	9.1	0
16.10.2012	Rain/Snow	51.1662	15.1246	158.6	14.09	20.8	2.9	13.2	0
17.10.2012	Sunny	62.2683	18.0208	203.6	5.17	19.2	11.1	15.3	21.844
18.10.2012	Sunny	49.0745	20.4343	222.9	5.66	11.3	5.9	7.9	4.826
19.10.2012	Cloudy	24.7786	8.5277	260.8	5.26	10.1	5.2	7.4	5.08
20.10.2012	Cloudy	26.0658	8.3668	264.4	12.08	14.4	2.1	7.3	0
21.10.2012	Cloudy	29.2838	6.7578	164.2	14.5	20.5	0.8	11.2	0
22.10.2012	Rain/Snow	26.8703	7.0796	164.8	2.24	17.8	9.1	14.8	11.176
23.10.2012	Cloudy	25.5831	8.5277	152.1	3.73	20.5	14.7	17.7	2.794
24.10.2012	Rain/Snow	39.7423	14.481	190.4	11.91	25.7	19.1	20.3	0
25.10.2012	Rain/Snow	70.4742	24.6177	235.2	4.8	23.6	5.6	16.1	5.842
26.10.2012	Rain/Snow	31.2146	8.6886	301.6	13.56	9.9	0.9	5.2	0
27.10.2012	Cloudy	31.5364	10.9412	40.1	13.71	8.3	-1.1	3.3	0
28.10.2012	Rain/Snow	34.9153	14.3201	19.6	10.23	9.3	1.1	4.6	0
29.10.2012	Sunny	40.7077	16.09	68.4	13.96	11.2	0.3	5.3	0
30.10.2012	Cloudy	50.2008	20.7561	351.9	8.61	8.2	2.5	4.8	0
31.10.2012	Rain/Snow	39.2596	12.5502	335.6	12.63	9.8	-0.6	3.6	0
1.11.2012	Sunny	27.8357	10.2976	264.4	7.99	11.2	0.6	5	0
2.11.2012	Sunny	23.4914	7.7232	120.7	12.28	9	-1.4	3.5	0
3.11.2012	Cloudy	20.9170	6.9187	40.5	4.95	8	-1.8	3.4	0
4.11.2012	Rain/Snow	26.2267	6.5969	74.8	11.35	9.1	-3.2	3.3	0
5.11.2012	Rain/Snow	18.3426	6.5969	67.9	3.62	6.2	-4.2	3.4	0
6.11.2012	Cloudy	23.0087	6.9187	167.4	3.14	4.1	-3.3	1.7	3.81
7.11.2012	Cloudy	18.6644	4.9879	150.8	2.48	7.3	3.9	5.2	0.508
8.11.2012	Cloudy	26.8703	8.5277	213.9	3.92	8.1	2.3	5.1	0
9.11.2012	Cloudy	18.8253	5.6315	147.5	6.64	12.6	0.8	7.3	0
10.11.2012	Sunny	48.2700	15.1246	170.5	3.74	18.7	9.7	14.3	7.874
11.11.2012	Sunny	64.6818	25.2613	210.2	5.52	19.6	2.1	13.7	11.176
12.11.2012	Sunny	45.8565	24.2959	274.1	8.72	1.4	-2.6	-0.5	0.254
13.11.2012	Cloudy	22.5260	5.7924	219	11.57	4.3	-6.3	-1.4	0
14.11.2012	Rain/Snow	24.7786	6.9187	193.8	9.75	7.3	-4.5	1.5	0
15.11.2012	Rain/Snow	16.8945	4.827	221.2	8.23	8.4	-3	1.5	0
16.11.2012	Rain/Snow	16.8945	3.218	114.4	10.46	12	-4.1	3	0
17.11.2012	Cloudy	21.2388	5.6315	123.9	10.2	12.2	-3.8	4.1	0
18.11.2012	Rain/Snow	18.5035	5.3097	146.6	9.26	12.8	-2.5	5.2	0
19.11.2012	Rain/Snow	27.0312	7.2405	194.2	5.96	14.7	1.8	8.4	0
20.11.2012	Rain/Snow	19.4689	2.8962	240.8	6.09	14.5	0.8	8.9	0
21.11.2012	Rain/Snow	19.4689	6.7578	221.9	5.15	10.3	0.1	4.7	0.508
22.11.2012	Cloudy	59.2112	19.1471	211.7	7.09	17.2	4.1	9.9	6.604
23.11.2012	Rain/Snow	63.5555	25.9049	302.2	4.55	4.2	-3	-0.6	0.254
24.11.2012	Cloudy	33.1454	10.6194	257.5	7.77	0	-3.8	-2.3	0
25.11.2012	Cloudy	28.3184	8.6886	273.8	8.99	5.7	-4.2	0.9	0
26.11.2012	Sunny	25.7440	8.3668	274.9	5.04	1.7	-7.3	-1.6	0
27.11.2012	Sunny	18.9862	7.7232	234	9.34	0.9	-10.3	-4.4	0
28.11.2012	Rain/Snow	24.1350	8.2059	255.8	9.55	6.8	-4.2	0.2	0
29.11.2012	Sunny	22.6869	8.6886	189.7	8.82	10.4	-5.2	3.6	0
30.11.2012	Sunny	21.7215	6.5969	92.6	7.64	11	1.4	5.9	0
1.12.2012	Cloudy	31.8582	11.1021	139.9	5.55	14.8	-2.1	7.7	0
2.12.2012	Cloudy	30.4101	8.6886	197.8	7.18	17.7	8.2	12.8	0.762
3.12.2012	Cloudy	49.0745	18.3426	192.6	3.15	20.9	8.9	12.6	1.524
4.12.2012	Cloudy	36.5243	12.7111	302.5	7.06	13.7	2.4	12.3	0
5.12.2012	Rain/Snow	23.1696	9.9758	104.4	8.67	5.3	-3.6	12.2	0
6.12.2012	Cloudy	24.9395	11.7457	187.3	3.45	7.1	0.5	4	0
7.12.2012	Cloudy	20.4343	8.5277	90.7	2.6	6.8	3.6	4.9	2.794
8.12.2012	Cloudy	27.0312	12.3893	67.7	4.09	5.7	0.8	2.8	4.572
9.12.2012	Cloudy	34.1108	12.0675	151.5	0.9	4.3	1.1	3.1	5.588
10.12.2012	Cloudy	38.4551	14.9637	306.3	1.89	2.7	-1.7	-0.6	0.508
11.12.2012	Cloudy	38.2942	14.481	231	9.22	1.5	-6.8	-2.4	0
12.12.2012	Cloudy	36.2025	11.9066	199.8	9.28	7.3	-6.4	0.3	0
13.12.2012	Cloudy	44.5693	13.8374	206	8.47	9	-2.8	2.5	0
14.12.2012	Cloudy	15.9291	5.4706	187.2	8.16	9.3	-4.8	2.7	0
15.12.2012	Cloudy	41.1904	17.3772	182.1	0.48	9.1	4.9	7.3	9.906
16.12.2012	Sunny	29.9274	15.2855	266.2	1.11	9	2.9	5.2	0
17.12.2012	Rain/Snow	16.7336	4.9879	294.5	2	3.1	-2.1	1.3	0
18.12.2012	Rain/Snow	39.2596	11.1021	227.4	1.38	4.7	-1.4	1.4	0
19.12.2012	Cloudy	34.1108	8.8495	174.8	2.73	5.1	-1	1.9	1.524
20.12.2012	Rain/Snow	60.6593	22.3651	201	0.47	9.4	-0.7	4.2	27.94
21.12.2012	Rain/Snow	64.5209	22.2042	326.8	8.31	-0.6	-8.1	-4.5	0
22.12.2012	Rain/Snow	20.4343	6.7578	234.7	8.77	-0.7	-10.8	-5.9	0
23.12.2012	Cloudy	19.4689	8.2059	36.1	5.13	0.3	-2.7	-3.8	0
24.12.2012	Cloudy	26.0658	10.4585	127	1.64	-0.5	-3.4	-1.8	0
25.12.2012	Cloudy	27.1921	13.1938	73.6	2.96	-2	-5.2	-3.5	0
26.12.2012	Rain/Snow	42.4776	18.6644	98.2	2.35	0.1	-3.5	-1.3	0
27.12.2012	Sunny	24.4568	8.3668	138.2	2.61	-0.6	-3.7	-2.2	0
28.12.2012	Cloudy	21.5606	7.0796	159.8	1.41	-0.4	-2.3	-1.2	0.508
29.12.2012	Cloudy	37.8115	15.9291	302.9	3.13	-0.9	-8.7	-3.7	0.508
30.12.2012	Rain/Snow	27.8357	11.4239	222.3	8.88	-0.1	-12	-5.2	0
31.12.2012	Rain/Snow	30.8928	14.3201	227.2	2.31	0.3	-7.4	-2.6	0
1.1.2013	Rain/Snow	29.2838	9.0104	264.5	9.39	-5.5	-14.2	-9.8	0
2.1.2013	Cloudy	30.5710	10.9412	208.1	9.29	-0.3	-7.3	-8.1	0
3.1.2013	Cloudy	32.3409	15.6073	269.9	2.02	-2.1	-9.2	-7.7	0
4.1.2013	Cloudy	46.0174	17.699	245.8	9.41	1.8	-11.4	-7.3	0
5.1.2013	Cloudy	42.9603	13.6765	215.9	5	2.3	-8.9	-6.9	0.762
6.1.2013	Cloudy	39.7423	15.7682	274	5.94	1.6	-9.9	-3.5	0
7.1.2013	Cloudy	46.6610	15.6073	205.2	10.04	5.1	-10.8	-3.1	0
8.1.2013	Rain/Snow	36.0416	11.4239	197.1	7.2	5.9	-6.2	0.3	0
9.1.2013	Sunny	54.8669	17.8599	264.4	9.22	8.9	-4.7	2.8	0
10.1.2013	Sunny	30.8928	10.7803	101.6	4.89	7.5	-6.4	1.1	13.716
11.1.2013	Cloudy	36.8461	15.9291	200.4	2.18	10.6	5.5	8.8	7.874
12.1.2013	Sunny	36.6852	15.6073	258.1	3.14	10.7	-2.2	4.1	2.794
13.1.2013	Sunny	35.7198	13.1938	293.5	1.98	-1.6	-10.9	-5.9	2.032
14.1.2013	Cloudy	22.6869	6.5969	295.1	7.34	-3.4	-12.1	-8.7	0
15.1.2013	Cloudy	13.1938	2.7353	202.7	8.94	-1.1	-11.9	-6.7	0
16.1.2013	Cloudy	42.6385	14.6419	236.9	7.89	1.5	-10.2	-3.6	0
17.1.2013	Cloudy	33.9499	9.8149	307.8	10.51	0.5	-9.6	-4.3	0
18.1.2013	Cloudy	56.9586	20.1125	209.4	8.39	5.6	-9.6	-0.9	0
19.1.2013	Cloudy	65.6472	22.6869	241.4	5.84	8.3	-4.6	3.8	0
20.1.2013	Cloudy	58.4067	18.3426	306.8	8.06	-4.5	-11.4	-9.1	0
21.1.2013	Cloudy	46.3392	21.8824	299.1	10.26	-10.8	-16.2	-13.4	0
22.1.2013	Cloudy	31.5364	14.6419	298.4	10.29	-10.9	-19.3	-14.6	0
23.1.2013	Cloudy	48.7527	15.1246	277.4	3.88	-6.8	-12.3	-9.5	0
24.1.2013	Cloudy	30.7319	13.1938	148.4	7.23	-5.8	-15.4	-10.2	0
25.1.2013	Rain/Snow	37.8115	13.9983	241.4	5.05	-1.6	-7.9	-5.4	1.778
26.1.2013	Sunny	24.6177	5.1488	272.2	11.69	-2.4	-14.3	-6.9	0
27.1.2013	Sunny	40.0641	12.872	163.6	1.66	2.6	-4.6	-1.4	14.986
28.1.2013	Sunny	31.8582	10.4585	201.8	4.35	7.5	2.5	5.6	2.794
29.1.2013	Sunny	42.4776	13.9983	209.4	1.66	16.5	5.2	12.8	33.02
30.1.2013	Rain/Snow	49.5572	16.7336	214.2	1.64	9.4	-6.8	0.7	13.462
31.1.2013	Sunny	46.9828	27.5139	290.7	7.15	-6.8	-16.2	-10.9	0
1.2.2013	Cloudy	39.4205	18.1817	262.5	12.14	-9.9	-18.6	-14.3	1.27
2.2.2013	Cloudy	34.9153	9.9758	256.3	6.58	-4.9	-15.4	-9.7	2.286
3.2.2013	Sunny	35.3980	12.0675	265.7	10.15	-6.1	-13.1	-9.8	1.016
4.2.2013	Sunny	28.8011	10.1367	94.3	5.1	-2.9	-12.2	-9.9	2.286
5.2.2013	Cloudy	32.1800	10.6194	258.4	6.52	-1.2	-15.3	-10.1	0.508
6.2.2013	Cloudy	24.9395	8.8495	138.6	12.37	3.3	-14.8	-2.4	0
7.2.2013	Cloudy	31.6973	7.8841	165.8	1.84	1.4	-1.4	0.5	27.432
8.2.2013	Cloudy	37.1679	11.1021	316	4.57	-1.3	-6.2	-4.2	0.254
9.2.2013	Sunny	32.3409	10.7803	163.4	7.57	0.4	-3.7	-2.2	0
10.2.2013	Rain/Snow	44.7302	19.4689	176.1	1.58	8.1	-0.6	4.1	10.414
11.2.2013	Cloudy	66.4517	34.1108	270.7	3.19	5.8	-2.3	0.4	0.254
12.2.2013	Cloudy	37.8115	13.6765	265.6	4.45	-1.3	-6.2	-3.4	0
13.2.2013	Sunny	29.1229	7.8841	233	13.35	5.4	-6.8	-0.6	0
14.2.2013	Cloudy	47.7873	16.09	263.2	5	4.1	-0.7	1.8	0
15.2.2013	Cloudy	30.5710	13.1938	326.3	14.14	0.1	-7.2	-3	0
16.2.2013	Cloudy	30.4101	9.654	323.7	7.87	-6.7	-13.3	-9.4	0
17.2.2013	Cloudy	29.1229	7.4014	179.7	16.24	-1.1	-14.8	-7	0
18.2.2013	Cloudy	61.3029	22.2042	202.7	6.29	10.5	-2.6	3.9	10.922
19.2.2013	Cloudy	60.9811	30.4101	290.3	9.73	-2.5	-12.6	-9.6	0.508
20.2.2013	Cloudy	32.9845	11.7457	274	15.71	-4.7	-14.2	-10	0
21.2.2013	Cloudy	49.5572	13.1938	78.6	3.29	-1.6	-11.1	-4.8	3.048
22.2.2013	Sunny	41.6731	16.5727	178.3	3.82	0.2	-4.7	-2.6	4.572
23.2.2013	Cloudy	33.9499	15.7682	254.6	12.69	-2.5	-9.3	-4.7	0
24.2.2013	Cloudy	13.5156	4.6661	204.9	17.7	2.3	-13.3	-4.7	0
25.2.2013	Cloudy	24.1350	7.5623	70.8	16.14	7.6	-8.4	-0.3	0
26.2.2013	Cloudy	46.8219	21.5606	56.2	2.79	2.2	-0.6	0.7	23.114
27.2.2013	Cloudy	30.0883	11.4239	270.9	5.86	0.8	-1.1	0.1	3.048
28.2.2013	Cloudy	37.0070	16.7336	123.9	7.09	2.3	-2.8	0.3	0.762
1.3.2013	Rain/Snow	34.7544	17.3772	164.9	5.54	-2.6	-4.3	-3.6	0.762
2.3.2013	Cloudy	30.0883	10.6194	258.4	16.27	-0.8	-11.6	-5.2	0
3.3.2013	Cloudy	20.2734	4.827	182.4	19.54	0.7	-14.1	-5.5	0
4.3.2013	Cloudy	28.8011	10.6194	77.9	8.25	0.7	-10.7	-5.9	0
5.3.2013	Cloudy	37.4897	13.1938	110.4	4.77	0.6	-2.9	-6.3	26.162
6.3.2013	Sunny	35.0762	12.2284	337.5	10.2	0.1	-3.3	-1.7	0
7.3.2013	Cloudy	17.8599	5.7924	209.5	19.71	3.4	-6.1	-1.2	0
8.3.2013	Rain/Snow	24.4568	8.3668	113.4	19.92	4.3	-10.6	-1.3	0
9.3.2013	Cloudy	34.5935	14.481	161.7	7.65	6.1	-1	3.3	1.524
10.3.2013	Sunny	33.3063	10.1367	163.7	2.38	9.6	4.5	6.6	28.956
11.3.2013	Sunny	35.3980	14.6419	252.4	2.22	6.3	-0.2	1.9	1.524
12.3.2013	Cloudy	47.4655	24.4568	279	13.67	2.3	-3.6	-0.9	0.254
13.3.2013	Cloudy	41.1904	16.09	309.4	20.31	0.2	-5.6	-2.9	0
14.3.2013	Cloudy	23.9741	9.1713	225.1	8.92	0.7	-5.7	-1.7	0
15.3.2013	Rain/Snow	26.5485	7.7232	153.3	5.84	3.9	-2.1	1.1	2.794
16.3.2013	Rain/Snow	31.2146	13.1938	137.1	5.06	0.9	-1.4	-0.2	0
17.3.2013	Cloudy	33.6281	13.9983	94.4	12.86	2.4	-4.1	-0.8	0
18.3.2013	Rain/Snow	63.2337	19.7907	185.4	4.26	1.2	-6.7	-1.6	3.556
19.3.2013	Rain/Snow	55.9932	31.0537	281.1	22.04	-0.1	-8.8	-4.7	0
20.3.2013	Rain/Snow	46.0174	21.7215	309.1	20.53	-4.3	-11.1	-7.7	0.254
21.3.2013	Rain/Snow	28.1575	9.654	307.9	22.24	0.4	-11.2	-5.5	0
22.3.2013	Sunny	23.9741	5.7924	200.9	22.68	3.9	-8.6	-2.3	0
23.3.2013	Rain/Snow	26.8703	7.7232	33.2	21.28	6.2	-5.3	0.6	0
24.3.2013	Sunny	49.8790	19.4689	44.7	7.22	2.6	-1.4	0.5	1.27
25.3.2013	Rain/Snow	45.6956	16.7336	262.2	6.71	2.9	-1.6	0.3	0
26.3.2013	Cloudy	31.5364	10.9412	320	12.99	5.7	-1.2	1.8	0
27.3.2013	Sunny	25.5831	8.3668	294.5	10.04	6	-4.2	1.7	0
28.3.2013	Sunny	23.6523	5.4706	230.3	23.25	9.3	-5.8	2.7	0
29.3.2013	Sunny	23.4914	4.827	148.2	22.83	12.7	-2.3	5.5	0
30.3.2013	Sunny	40.2250	12.7111	155.7	15.27	14.4	-2.6	7	0.508
31.3.2013	Sunny	51.8098	19.4689	292.3	18.75	14.3	0.7	6.9	0.254
1.4.2013	Cloudy	40.2250	13.9983	317.5	21.97	4.6	-3	0.4	0
2.4.2013	Cloudy	39.7423	12.3893	301.8	23.14	6.3	-4.2	0.4	0
3.4.2013	Cloudy	23.6523	7.5623	95.8	24.15	8.5	-6.2	0.4	0
4.4.2013	Cloudy	27.9966	10.1367	257.1	23.94	14.3	5.7	0.5	0
5.4.2013	Sunny	29.6056	12.7111	78.9	23.86	9.5	1.4	0.5	0
6.4.2013	Sunny	59.0503	23.8132	174.5	9.23	19.7	2.1	11.4	1.778
7.4.2013	Sunny	39.7423	13.9983	222.3	20.69	16.2	4	8.9	0.254
8.4.2013	Cloudy	75.1403	20.1125	163.3	17.28	19.1	4.5	12.1	10.16
9.4.2013	Cloudy	39.7423	14.3201	58.2	9.34	14.7	4.8	7.4	1.27
10.4.2013	Cloudy	77.7147	19.308	53.2	3.77	5.5	2.8	4.4	32.004
11.4.2013	Cloudy	47.3046	13.8374	141.8	3.18	9.3	3.3	5.8	5.842
12.4.2013	Cloudy	45.3738	20.4343	262.3	7.47	7.2	2.1	3.8	0
13.4.2013	Cloudy	48.4309	18.5035	236.1	13.56	7.5	0.8	3.6	0
14.4.2013	Rain/Snow	59.3721	19.9516	123.5	20.81	22.4	3.2	12.2	0
15.4.2013	Sunny	57.6022	17.3772	236.5	8.4	18.2	5.7	12.2	11.938
16.4.2013	Rain/Snow	25.2613	8.8495	212.4	19.62	13.6	1.8	7.5	0.254
17.4.2013	Rain/Snow	59.6939	13.9983	76.6	1.47	9.2	5.3	6.7	49.022
18.4.2013	Cloudy	56.4759	21.5606	166	2.91	17.3	3.3	10.7	64.516
19.4.2013	Cloudy	63.7164	31.8582	269.2	6.34	4	0.9	2.5	0.762
20.4.2013	Cloudy	33.4672	11.1021	272.3	24	7.8	-1.6	2.6	0
21.4.2013	Cloudy	36.2025	15.2855	143.5	24.55	11.9	-1.6	6.1	0
22.4.2013	Rain/Snow	30.8928	13.6765	169.5	26.12	18.8	4.1	12.5	0
23.4.2013	Rain/Snow	31.8582	10.1367	205.5	3.83	12.8	2.7	7.8	19.304
24.4.2013	Rain/Snow	38.1333	13.1938	296	20.22	10.2	1.5	5.3	1.016
25.4.2013	Sunny	47.7873	14.8028	265.5	19.2	10.5	0.7	6	1.524
26.4.2013	Sunny	48.4309	16.09	208.7	24.89	18.9	-0.2	11.1	0
27.4.2013	Cloudy	31.2146	9.1713	154	26.58	20	3.3	13.4	0
28.4.2013	Cloudy	16.5727	5.7924	135.1	12.49	19.9	10.1	14.2	0.508
29.4.2013	Cloudy	37.8115	15.9291	195.1	22.24	22.8	9.1	16.7	0
30.4.2013	Cloudy	45.3738	22.2042	197.1	23.41	29.1	19.4	21.9	0
1.5.2013	Cloudy	30.7319	10.6194	176.8	26.65	28.1	15.6	22.4	0
2.5.2013	Cloudy	31.3755	13.6765	41.2	13.42	17.2	6.2	10.5	19.304
3.5.2013	Rain/Snow	31.8582	13.6765	54.2	6.81	10.8	4.4	10.1	5.08
4.5.2013	Sunny	34.9153	9.0104	91.6	19.09	21.9	9.9	9.7	0
5.5.2013	Rain/Snow	30.7319	10.7803	51.5	26.6	23.1	9.9	9.4	0
6.5.2013	Cloudy	27.1921	9.8149	39.2	22.89	23.6	9.9	16.6	0
7.5.2013	Cloudy	31.2146	7.0796	66.9	28.03	25.2	7.9	17.8	0
8.5.2013	Rain/Snow	20.7561	4.3443	78.7	24.69	26.7	8.4	18.7	0
9.5.2013	Cloudy	42.3167	7.4014	122.2	9.28	22.9	8.7	15.3	11.938
10.5.2013	Cloudy	30.7319	11.263	60.2	5.99	9.3	6.6	8.5	1.524
11.5.2013	Cloudy	53.2579	14.6419	280.3	17.87	14.8	4.3	8.9	0
12.5.2013	Cloudy	38.1333	13.8374	310.4	28.47	13.2	1.8	7.4	0
13.5.2013	Cloudy	28.8011	7.5623	190.8	28.25	18.6	0.2	11.2	0
14.5.2013	Cloudy	35.7198	14.8028	228.1	29.07	33.5	10.8	22.7	0
15.5.2013	Sunny	32.9845	10.2976	293.1	27.5	28.8	17.3	23.7	0
16.5.2013	Rain/Snow	32.5018	7.4014	105.8	28.15	27.7	10.7	20.2	0
17.5.2013	Rain/Snow	28.3184	7.5623	60.2	15.53	23.9	13.6	17.3	0.508
18.5.2013	Rain/Snow	23.3305	9.3322	114.9	25.32	26.3	12.2	20.3	0
19.5.2013	Rain/Snow	34.4326	11.5848	114.3	25.67	29.9	14.5	23.7	0
20.5.2013	Rain/Snow	48.9136	19.1471	212.5	24.96	30.4	17.8	24.9	8.636
21.5.2013	Cloudy	45.0520	16.2509	203.9	23.9	26.9	17	21.6	0.508
22.5.2013	Cloudy	53.2579	10.9412	232.2	13.12	22.4	15.8	18.6	21.59
23.5.2013	Cloudy	39.9032	13.8374	44.9	9.9	15.9	4.5	10.5	12.446
24.5.2013	Cloudy	24.9395	8.5277	69.9	31.64	16.8	1.8	9.9	0
25.5.2013	Cloudy	23.3305	6.2751	107.3	7.9	14.4	6.4	10.8	0
26.5.2013	Cloudy	31.2146	9.4931	104.7	16.34	19.1	6.6	13.3	1.27
27.5.2013	Cloudy	21.7215	9.654	92.4	5.09	17.7	12	14.8	2.286
28.5.2013	Cloudy	49.2354	14.6419	203.2	9.39	25.1	14.1	20.2	13.462
29.5.2013	Cloudy	32.1800	12.3893	201.6	22.09	28.6	16.8	22.7	0.762
30.5.2013	Cloudy	58.2458	21.2388	194.3	20.44	28.3	17.1	23.5	4.572
31.5.2013	Cloudy	42.1558	15.6073	198.7	16.42	24.3	17.3	20.9	5.334
1.6.2013	Rain/Snow	51.3271	16.4118	220.3	11.46	23.7	16.2	19.5	4.572
2.6.2013	Cloudy	29.4447	9.1713	239.5	10.45	17.2	6.7	12.9	0
3.6.2013	Cloudy	22.6869	4.827	163.1	28.89	21.1	4.9	12.5	0
4.6.2013	Cloudy	31.6973	8.5277	86.9	23.01	22.4	7.4	12.1	0
5.6.2013	Cloudy	25.9049	9.0104	57.2	8.29	20.4	12.3	11.7	1.27
6.6.2013	Sunny	28.6402	9.1713	45.3	18.99	19	11.2	14.2	11.938
7.6.2013	Cloudy	33.1454	9.9758	34.6	28.49	20.8	9	15.6	0
8.6.2013	Cloudy	20.5952	4.9879	109.7	27.55	24.2	7	17.1	0
9.6.2013	Rain/Snow	35.2371	10.2976	137	20.43	26.6	11.9	20.7	0.762
10.6.2013	Rain/Snow	22.6869	4.827	147.9	16.6	26.6	16	21.1	0.508
11.6.2013	Rain/Snow	56.4759	5.6315	177	23.18	27.9	14.8	21.8	6.35
12.6.2013	Sunny	38.1333	8.6886	106.9	10.97	30.8	17.6	22.2	16.51
13.6.2013	Cloudy	34.4326	12.0675	77.7	28.82	26.3	14.2	19.9	0
14.6.2013	Cloudy	24.9395	8.3668	78.7	29.98	25.6	11.7	18.7	0
15.6.2013	Rain/Snow	51.9707	10.1367	184.8	14.64	26.4	14.7	20.8	2.286
16.6.2013	Rain/Snow	31.0537	9.1713	273.1	25.56	28.8	18.4	23.4	0
17.6.2013	Cloudy	32.9845	9.1713	220.5	27.47	30.4	14	22.9	0.254
18.6.2013	Sunny	28.3184	12.5502	47.2	27.78	21.9	12.3	17.2	0
19.6.2013	Sunny	23.0087	7.5623	78.4	29.09	25.2	11.2	18.7	0
20.6.2013	Cloudy	20.2734	7.5623	118.1	29.67	30.7	12.4	23.1	0
21.6.2013	Cloudy	57.4413	10.6194	174.8	7.51	27.4	19.6	22.7	16.764
22.6.2013	Cloudy	35.7198	10.1367	205.7	11.88	25.7	18.9	22.2	8.89
23.6.2013	Rain/Snow	40.8686	10.6194	199.1	24.74	29.7	18.4	23.1	0.762
24.6.2013	Rain/Snow	74.1749	11.263	224.3	18.26	28.3	18.6	21.8	4.064
25.6.2013	Cloudy	43.9257	9.654	167.1	13.39	29.5	19.4	23.6	1.27
26.6.2013	Cloudy	37.1679	11.4239	153.7	14.48	26.7	18.9	22.4	1.524
27.6.2013	Sunny	41.6731	11.7457	250.2	28.85	30.8	16.8	24.7	0
28.6.2013	Cloudy	49.2354	12.3893	317.1	25.72	27.2	18	22.2	0
29.6.2013	Cloudy	31.2146	11.9066	36.5	9.97	21.7	16.9	19.1	0
30.6.2013	Cloudy	39.2596	14.9637	27.5	29.19	26	15.9	20.4	0
1.7.2013	Cloudy	38.9378	13.1938	38.8	28.77	24.5	14.1	20.2	0
2.7.2013	Cloudy	27.9966	10.4585	41.3	19.23	22.3	14.7	17.8	0
3.7.2013	Rain/Snow	16.7336	4.827	135.2	6.25	19.8	14.5	17.8	10.668
4.7.2013	Cloudy	27.0312	7.2405	194.5	28.27	27.7	11.6	17.8	0
5.7.2013	Cloudy	25.1004	6.2751	207.9	29.03	28.8	14.8	17.8	0
6.7.2013	Cloudy	19.6298	6.436	217.2	25.1	28.1	16.2	23.1	0
7.7.2013	Cloudy	24.9395	9.1713	210.4	25.68	30.9	19.8	25.2	0
8.7.2013	Sunny	38.6160	11.5848	229.9	13.71	29.8	20.7	24.8	78.74
9.7.2013	Sunny	45.5347	9.0104	215	15.2	28.6	21.3	25.1	0.762
10.7.2013	Cloudy	30.7319	8.5277	252.8	29.49	28	16.6	24.2	0
11.7.2013	Cloudy	23.8132	6.1142	53.5	29.9	27.2	15	21.3	0
12.7.2013	Cloudy	17.6990	4.0225	92	31.76	28.8	11.4	21.1	0
13.7.2013	Cloudy	26.8703	7.8841	94.4	30.13	28.8	14.3	22.9	0
14.7.2013	Cloudy	23.0087	7.8841	86.9	25.16	31.3	18.9	25.6	0
15.7.2013	Cloudy	18.1817	5.6315	109.2	17.91	31.8	20.9	26.5	0
16.7.2013	Cloudy	23.8132	6.5969	209	27.77	32	21	27.1	0
17.7.2013	Rain/Snow	20.9170	6.5969	241.4	28.44	32.7	21.2	27.5	0
18.7.2013	Rain/Snow	38.9378	8.8495	225.5	24.76	32.8	22.5	27.7	0
19.7.2013	Cloudy	43.9257	15.6073	242.7	28.53	33.7	21.8	27.9	4.318
20.7.2013	Sunny	45.3738	7.0796	175.9	29.03	30.2	19	24.3	21.336
21.7.2013	Cloudy	31.8582	9.1713	115.3	24.27	29.8	17.8	23.4	0
22.7.2013	Cloudy	54.3842	6.9187	190	25.27	29.2	18.7	23.9	2.286
23.7.2013	Sunny	30.2492	9.4931	183.8	23.85	25.5	14.7	20.8	0.254
24.7.2013	Rain/Snow	23.1696	6.7578	49.3	28.49	22.9	12.2	17.9	0
25.7.2013	Rain/Snow	21.0779	4.9879	199.3	27.58	25.6	10.2	19	0
26.7.2013	Rain/Snow	32.3409	10.1367	224.1	3.84	21.3	15.4	18.3	19.812
27.7.2013	Sunny	41.1904	10.1367	312.1	14.39	17.6	10.9	14.7	0
28.7.2013	Sunny	32.1800	11.1021	281.9	21.3	20.2	11.3	15	0
29.7.2013	Sunny	24.1350	7.2405	241.9	27.01	25	11.7	18.4	0
30.7.2013	Cloudy	20.5952	6.2751	120.4	8.05	20.9	17.7	17.9	5.08
31.7.2013	Sunny	25.4222	4.827	182.7	8.79	24.5	15.5	19.6	9.144
1.8.2013	Rain/Snow	34.2717	7.7232	269.7	27.79	25.7	13.4	20.1	0.254
2.8.2013	Rain/Snow	25.5831	8.2059	245.2	21.37	28.7	16.2	22.6	3.556
3.8.2013	Rain/Snow	26.0658	7.4014	224.6	28.64	26	15.7	22.7	0
4.8.2013	Rain/Snow	20.9170	7.4014	65.9	24.29	25.8	14.2	22.8	0
5.8.2013	Rain/Snow	38.9378	8.045	166	11.49	22.3	13.3	22.9	1.27
6.8.2013	Cloudy	21.7215	8.8495	205.9	11.98	27.9	19.2	22.7	1.016
7.8.2013	Rain/Snow	26.3876	9.1713	207.2	24.36	30.7	18.1	24.5	0.508
8.8.2013	Rain/Snow	30.5710	8.6886	47.1	25.44	26	17	21.4	0
9.8.2013	Cloudy	22.0433	6.2751	197.8	21.08	26.9	12.9	21.2	0
10.8.2013	Sunny	19.9516	5.9533	146.4	26.1	27.6	15.9	22.1	0
11.8.2013	Cloudy	26.0658	4.1834	137.9	17.49	27.1	12.6	20.2	0.762
12.8.2013	Cloudy	27.8357	9.1713	200.8	17.88	27.9	17.9	22.6	0
13.8.2013	Rain/Snow	33.3063	10.6194	75.2	23.05	21.1	13.2	17.6	0
14.8.2013	Cloudy	16.2509	4.3443	109.2	20.46	23.1	10.9	16.4	0
15.8.2013	Cloudy	23.3305	5.4706	247	18.6	23.7	9.9	17.1	0
16.8.2013	Cloudy	21.3997	4.1834	110.5	21.08	27.6	10.9	19.5	0
17.8.2013	Cloudy	27.5139	6.1142	55.2	26.55	27.4	11.7	20	0
18.8.2013	Cloudy	20.2734	4.827	86.7	24.05	28.6	12.5	20.7	0
19.8.2013	Cloudy	22.6869	4.9879	179.8	22.13	28.4	11.8	20.8	0
20.8.2013	Rain/Snow	27.0312	5.9533	225.1	23.4	29.6	14.3	22.1	0
21.8.2013	Rain/Snow	30.4101	9.4931	218.3	23.49	30.9	15.4	24	2.794
22.8.2013	Cloudy	29.9274	6.2751	171.5	6.26	24.9	17.3	21.1	16.764
23.8.2013	Cloudy	29.1229	7.5623	45.8	26.06	27.7	14.9	21.2	0
24.8.2013	Sunny	23.8132	7.8841	136.6	24.86	28.7	14.1	22.3	0
25.8.2013	Cloudy	26.8703	9.654	217.1	23.41	30.1	16.4	23.4	0
26.8.2013	Cloudy	31.0537	8.5277	222.2	20.58	30.8	17.6	24.3	0
27.8.2013	Cloudy	36.2025	11.7457	221.1	21.32	32.6	21.9	26.9	0
28.8.2013	Rain/Snow	21.7215	7.2405	116.1	16.71	30.6	20.9	25.5	0
29.8.2013	Cloudy	20.4343	4.6661	136.6	21.27	31.9	18.7	24.9	0
30.8.2013	Sunny	61.7856	10.6194	190.7	21.55	33.6	17.1	24.3	23.114
31.8.2013	Rain/Snow	21.5606	6.7578	70.4	10.31	26.2	18.4	21.8	21.336
1.9.2013	Rain/Snow	29.1229	5.9533	196.5	18.98	28.1	17.2	22.3	6.35
2.9.2013	Rain/Snow	24.9395	7.8841	220.8	23.09	25.4	13.5	20.1	0
3.9.2013	Cloudy	16.2509	4.1834	231.7	23.6	23.3	12.1	19.9	0
4.9.2013	Cloudy	23.3305	5.7924	234.8	22.69	27.6	11.1	19.7	0
5.9.2013	Sunny	27.5139	8.3668	49	18.47	23.9	14.3	19.4	0
6.9.2013	Cloudy	21.0779	5.4706	159.3	21.2	28.4	13.7	21.4	0
7.9.2013	Rain/Snow	29.6056	7.5623	202.9	18.85	29.9	15.7	22.6	0.508
8.9.2013	Cloudy	29.7665	10.9412	70.7	13.36	25.8	20.9	22.8	0
9.9.2013	Sunny	25.4222	10.6194	192.5	20.7	32.5	19.9	26.2	0
10.9.2013	Rain/Snow	35.7198	12.3893	224.4	19.48	33.8	23.7	27.2	0
11.9.2013	Cloudy	23.6523	6.436	238	13.28	30.8	20.4	24.7	0
12.9.2013	Cloudy	37.8115	9.4931	202.7	18.06	26.7	15.1	20.8	0.254
13.9.2013	Rain/Snow	30.5710	11.263	36.5	19.79	19.5	8.7	14.2	0
14.9.2013	Sunny	22.5260	4.9879	183.3	19.25	21.4	5.1	13.4	0
15.9.2013	Cloudy	19.4689	5.9533	113.2	1.73	15.1	11.4	13.6	17.272
16.9.2013	Cloudy	27.8357	11.7457	30.6	19.17	18.9	8.4	13.4	0
17.9.2013	Cloudy	24.1350	8.2059	106.3	13.33	21.2	7.3	15.2	0
18.9.2013	Cloudy	26.3876	8.5277	168.3	9.74	25.8	14.1	20	2.032
19.9.2013	Cloudy	34.7544	11.263	187.4	12.6	32.1	20	24.9	1.016
20.9.2013	Cloudy	35.7198	13.6765	261.5	8.97	23.3	13.4	18.9	1.016
21.9.2013	Sunny	30.7319	9.3322	222.9	17.82	20.2	7.3	13.7	0
22.9.2013	Sunny	20.1125	5.9533	27.7	17.65	20.7	6.6	13.1	0
23.9.2013	Cloudy	20.1125	6.1142	80.1	18.03	20.8	6.8	13.8	0
24.9.2013	Cloudy	25.1004	7.8841	74.5	17.76	22.5	7.4	14.9	0
25.9.2013	Rain/Snow	22.3651	7.2405	34.8	17.5	22.1	9.6	15.3	0
26.9.2013	Sunny	21.7215	7.4014	64.6	17.49	25.3	9.3	16.9	0
27.9.2013	Sunny	25.1004	7.8841	103	17.14	27.5	8.9	18.5	0
28.9.2013	Rain/Snow	47.1437	13.6765	183.5	14.27	28.6	10.8	20.4	7.366
29.9.2013	Cloudy	27.5139	6.2751	163.1	16.76	20.7	6.9	13.9	2.032
30.9.2013	Cloudy	23.3305	5.9533	147.2	16.39	24	5.1	14.5	0
1.10.2013	Cloudy	36.6852	13.6765	217	10.76	26.3	11.4	19.2	0.254
2.10.2013	Cloudy	22.0433	6.9187	72.7	15.71	26.1	14.4	19.8	0
3.10.2013	Cloudy	26.0658	8.8495	162	6.45	25.3	14.2	19.7	5.08
4.10.2013	Cloudy	22.3651	6.9187	134	4.29	23.6	17.2	19.6	0
5.10.2013	Sunny	31.2146	7.7232	195.4	5.91	26.4	15.1	19.6	0.254
6.10.2013	Cloudy	36.2025	10.7803	241.7	10.57	15.7	4.4	10.8	2.54
7.10.2013	Cloudy	30.2492	9.654	231.5	14.3	21.1	4.8	12	0
8.10.2013	Sunny	25.9049	5.3097	186.7	15.38	25.2	4.8	14.7	0
9.10.2013	Cloudy	19.4689	5.7924	117.3	15.46	22.5	6.7	14.3	0
10.10.2013	Cloudy	21.7215	5.1488	99.8	14.65	23.9	5.3	15.1	0
11.10.2013	Rain/Snow	31.2146	9.8149	115.6	12.32	24.5	9.8	17.8	0
12.10.2013	Cloudy	23.9741	9.9758	224.5	4.19	20.4	7.7	16.2	4.572
13.10.2013	Cloudy	23.1696	5.4706	197.7	14.91	18.2	3	10.2	0
14.10.2013	Cloudy	35.8807	8.3668	69.8	14.04	17.4	2.7	10.9	0
15.10.2013	Cloudy	32.6627	11.9066	190.8	2.56	18.6	6.6	13.6	1.524
16.10.2013	Rain/Snow	35.3980	13.8374	251.6	3.65	11.7	6	9.6	0
17.10.2013	Sunny	31.8582	8.045	227.4	5.48	12.4	1.7	8.1	5.842
18.10.2013	Cloudy	34.9153	9.9758	241.8	3.45	9.6	0.6	5.7	0.254
19.10.2013	Cloudy	37.6506	10.9412	237.8	9.27	12	2.7	7	0
20.10.2013	Cloudy	29.7665	7.4014	206.6	8.13	16.3	0.3	9.1	0
21.10.2013	Rain/Snow	43.6039	14.6419	273.9	10.18	12	-2.4	5.7	0
22.10.2013	Rain/Snow	18.6644	4.827	256	3.64	4.2	-4	0.4	2.54
23.10.2013	Rain/Snow	37.3288	10.4585	307.4	10.22	7.2	-1.8	2.4	0.254
24.10.2013	Rain/Snow	33.7890	9.4931	296.8	8.95	6.2	-2.9	2.1	0
25.10.2013	Rain/Snow	36.8461	14.8028	240.7	11.44	11.1	-3.1	4.6	0
26.10.2013	Cloudy	39.2596	14.481	267.9	8.63	12.9	-0.9	6.5	0
27.10.2013	Cloudy	35.2371	8.3668	212.4	12.17	12.7	-4.2	4.2	0
28.10.2013	Sunny	31.5364	9.9758	60.1	10.58	12.4	-1.9	6	0
29.10.2013	Rain/Snow	20.2734	7.5623	93.4	7.73	14.7	2.5	8.6	0
30.10.2013	Rain/Snow	23.3305	7.5623	137.8	1.61	16.4	9.2	12.2	17.018
31.10.2013	Rain/Snow	43.4430	16.2509	231.3	2.27	17.3	7.1	14.2	23.622
1.11.2013	Rain/Snow	46.1783	15.4464	265.4	1.97	8.6	4.4	7	2.032
2.11.2013	Rain/Snow	24.6177	6.5969	314	4.68	8.3	1.1	4.8	0
3.11.2013	Rain/Snow	25.2613	7.5623	98.6	11.41	11.4	-2.1	4.7	0
4.11.2013	Cloudy	40.5468	17.2163	172.1	6.61	13.6	6.2	4.5	0
5.11.2013	Cloudy	37.1679	12.5502	173.3	1.74	12.2	9.9	4.3	3.048
6.11.2013	Rain/Snow	42.9603	17.8599	258.5	1.43	13.7	0.8	7.9	25.146
7.11.2013	Rain/Snow	33.6281	11.1021	262.3	6.33	6.1	-2.5	1.1	0
8.11.2013	Rain/Snow	37.9724	11.7457	200.6	8.99	8.8	-4.1	3.6	0
9.11.2013	Sunny	54.0624	23.8132	252.9	9.01	14.3	3.9	9.1	0
10.11.2013	Rain/Snow	31.6973	11.9066	265.1	10.22	9.2	-0.2	4.4	0
11.11.2013	Sunny	33.4672	13.3547	245.1	0.87	8.1	-5.4	2.5	4.572
12.11.2013	Cloudy	27.8357	8.5277	308.8	11.65	-0.1	-7.2	-4.3	0
13.11.2013	Cloudy	42.4776	17.5381	215.6	10.05	4.5	-9.2	-2.1	0
14.11.2013	Rain/Snow	41.3513	16.2509	207.6	8.38	9.4	-1.8	3.4	0
15.11.2013	Cloudy	31.0537	10.7803	197.9	6.85	10.2	0	4.9	0
16.11.2013	Cloudy	50.5226	22.526	179.6	0.8	15.8	5	10.7	9.906
17.11.2013	Cloudy	77.8756	28.4793	228.4	1.58	19.7	5.1	12.5	17.78
18.11.2013	Cloudy	52.4534	23.0087	297.6	7.57	5.6	-2.6	2.7	0
19.11.2013	Sunny	19.3080	6.5969	124.3	9.28	6.2	-5.4	0.3	0
20.11.2013	Cloudy	35.7198	13.9983	152.8	6.69	5.9	-0.7	2.9	4.826
21.11.2013	Cloudy	16.2509	5.1488	195.2	2.14	9.3	4.3	6.9	0.762
22.11.2013	Sunny	32.0191	10.9412	294.1	4.6	5.8	-4.5	1.3	0.254
23.11.2013	Cloudy	44.4084	13.5156	330.1	8.93	-4.1	-11	-6.3	0
24.11.2013	Cloudy	26.5485	10.6194	257.4	9.09	-3.2	-13.5	-8.1	0
25.11.2013	Cloudy	41.3513	18.6644	220.6	2.19	-0.7	-6.6	-2.8	0.508
26.11.2013	Cloudy	44.8911	11.1021	290.6	1.99	0.7	-10.1	-2.7	0.254
27.11.2013	Cloudy	27.3530	8.045	305.7	8.77	-2.7	-12.7	-7.6	0
28.11.2013	Cloudy	28.4793	10.1367	233.3	7.86	1	-8.1	-3.9	0
29.11.2013	Cloudy	24.1350	6.5969	131.4	8.69	2.1	-12.4	-3.9	0
30.11.2013	Rain/Snow	27.6748	10.4585	197.5	7.88	10.2	-3.9	2.1	0
1.12.2013	Cloudy	17.2163	5.3097	50.5	7.24	7.7	-4.5	1.4	0
2.12.2013	Cloudy	23.8132	9.0104	103	3.91	6.3	-0.5	2.8	1.524
3.12.2013	Rain/Snow	23.0087	9.4931	154.4	1.48	9.7	2.4	2.9	0.762
4.12.2013	Sunny	45.5347	15.7682	179.1	0.69	12.8	1.6	3.1	1.27
5.12.2013	Sunny	45.2129	22.526	282.8	5.3	1.7	-7.1	3.2	0
6.12.2013	Sunny	24.2959	8.045	326.3	3.65	-6.8	-12.2	-9.1	0
7.12.2013	Cloudy	19.3080	5.4706	237.1	8.24	-6.4	-14.7	-11.3	0
8.12.2013	Sunny	29.9274	8.8495	85.6	1.91	-4.4	-11.4	-6.8	5.588
9.12.2013	Cloudy	48.7527	19.1471	260.1	7.07	-4.9	-21.1	-10.6	0
10.12.2013	Cloudy	48.4309	16.8945	242.4	7.48	-6.6	-24.8	-12.8	0.254
11.12.2013	Cloudy	34.1108	9.3322	282.8	6.98	-6.4	-21.2	-12	1.27
12.12.2013	Rain/Snow	36.2025	10.7803	219.8	5.69	-8.2	-23.7	-14.5	0
13.12.2013	Rain/Snow	23.8132	7.2405	98.4	6.31	0.1	-13.3	-5.2	0.254
14.12.2013	Cloudy	27.6748	12.2284	95.2	2.93	-1.3	-7.4	-2.7	8.128
15.12.2013	Sunny	38.6160	15.7682	277	4.07	-7.2	-14.1	-11	0
16.12.2013	Sunny	28.4793	6.5969	147.2	4.18	-6.3	-15.4	-9.9	1.016
17.12.2013	Sunny	37.8115	18.9862	266.3	6.25	0.4	-9.1	-4.6	0.254
18.12.2013	Sunny	41.5122	12.2284	214.9	7.5	0.9	-12.7	-5.3	0
19.12.2013	Sunny	21.8824	6.1142	106.7	4	4.4	-7.6	-0.8	2.54
20.12.2013	Sunny	28.6402	10.4585	92	1.08	1.7	-2	0.6	7.112
21.12.2013	Sunny	40.8686	9.9758	111.2	1.24	1.4	-2.7	-0.8	4.826
22.12.2013	Rain/Snow	31.3755	9.3322	238	2.53	0.9	-4.4	-1.9	6.604
23.12.2013	Rain/Snow	33.3063	18.3426	268.2	7.38	-3.4	-19.8	-13.2	0
24.12.2013	Sunny	23.6523	9.4931	227.1	8.16	-8	-21.3	-15.7	0
25.12.2013	Sunny	33.6281	16.4118	224.9	2.07	-3.4	-8.2	-5.2	1.524
26.12.2013	Sunny	37.4897	11.7457	231.1	4.64	0.3	-11.1	-4.6	0
27.12.2013	Cloudy	31.0537	10.1367	214.9	6.93	3.9	-10	-1.1	0
28.12.2013	Cloudy	29.9274	10.6194	208.5	7.93	7.9	-2.8	2.4	0
29.12.2013	Cloudy	36.3634	10.9412	308.2	1.34	2	-12.4	-3.3	0.254
30.12.2013	Cloudy	26.3876	6.1142	303.9	6.07	-12.3	-19.7	-15.6	1.016
31.12.2013	Cloudy	26.7094	8.045	236.2	4.5	-11.9	-18.4	-14.4	3.302